   4  300
1 1
    21.722956450367761    -0.000000000000000     0.000000000000000
    -0.000000000000000    21.722956450367771     0.000000000000002
     0.000000000000000     0.000000000000002    19.528809755887600
1 2
    -2.399656915421045    -0.360928501461441     0.223294402163147
     0.360928501461441     0.988013465391351    -0.310047066219164
    -0.223294402163147    -0.310047066219164     0.668837717402087
1 3
    -0.230034290913197    -0.054390541240182     0.032669510434731
     0.054390541240182     0.137446815647768    -0.032821515895211
    -0.032669510434731    -0.032821515895211     0.116473639390758
1 4
    -0.230034290913197     0.054390541240182    -0.032669510434731
    -0.054390541240182     0.137446815647768    -0.032821515895211
     0.032669510434731    -0.032821515895211     0.116473639390758
1 5
    -2.399656915421045     0.360928501461441    -0.223294402163147
    -0.360928501461441     0.988013465391351    -0.310047066219164
     0.223294402163147    -0.310047066219164     0.668837717402087
1 6
     0.141095870188252     1.105975803254378     0.156861434633059
     1.827832806177260    -1.552739320217945     0.348402157905727
     0.380155836796206    -0.038355091686562     0.668837717402087
1 7
     0.141095870188253    -1.105975803254378    -0.156861434633059
    -1.827832806177260    -1.552739320217945     0.348402157905727
    -0.380155836796206    -0.038355091686562     0.668837717402087
1 8
    -0.252862508751780    -0.153199492536906     0.084959000327386
    -0.153199492536906    -0.075962972239986     0.049051101709098
    -0.059808592067981    -0.034530506730302     0.127358548474985
1 9
    -0.130426897491532    -0.000000000000000     0.000000000000000
    -0.000000000000000    -0.024771146200175     0.006302066276786
     0.000000000000000    -0.010583011567163     0.058411727202361
1 10
    -0.252862508751780     0.153199492536906    -0.084959000327386
     0.153199492536906    -0.075962972239986     0.049051101709098
     0.059808592067981    -0.034530506730302     0.127358548474985
1 11
     0.045576539007527     0.104733445606124     0.012089511338601
     0.213514528086488    -0.138164014272955     0.044703383913284
     0.044759021773333    -0.011881868018073     0.116473639390758
1 12
     0.012486796015910    -0.000000000000000     0.000000000000000
    -0.000000000000000    -0.341312277007677     0.069061013460603
     0.000000000000000    -0.098102203418196     0.127358548474985
1 13
     0.045576539007527    -0.104733445606124    -0.012089511338601
    -0.213514528086488    -0.138164014272955     0.044703383913284
    -0.044759021773333    -0.011881868018073     0.116473639390758
1 14
    -0.051185084023014    -0.045750282337123     0.005457749492030
    -0.045750282337123    -0.104012959668693    -0.003151033138393
    -0.009165156865707     0.005291505783581     0.058411727202361
1 15
    -0.051185084023014     0.045750282337123    -0.005457749492030
     0.045750282337123    -0.104012959668693    -0.003151033138393
     0.009165156865708     0.005291505783581     0.058411727202361
1 16
     0.045576539007527     0.213514528086488     0.044759021773333
     0.104733445606124    -0.138164014272955    -0.011881868018073
     0.012089511338601     0.044703383913284     0.116473639390758
1 17
    -0.051185084023014     0.045750282337123     0.009165156865708
     0.045750282337123    -0.104012959668693     0.005291505783581
    -0.005457749492030    -0.003151033138393     0.058411727202361
1 18
    -0.051185084023014    -0.045750282337123    -0.009165156865707
    -0.045750282337123    -0.104012959668693     0.005291505783581
     0.005457749492030    -0.003151033138393     0.058411727202361
1 19
     0.045576539007527    -0.213514528086488    -0.044759021773333
    -0.104733445606124    -0.138164014272955    -0.011881868018073
    -0.012089511338601     0.044703383913284     0.116473639390758
1 20
     0.012486796015910    -0.000000000000000     0.000000000000000
    -0.000000000000000    -0.341312277007677    -0.098102203418196
     0.000000000000000     0.069061013460603     0.127358548474985
1 21
     0.141095870188252     1.827832806177260     0.380155836796206
     1.105975803254378    -1.552739320217945    -0.038355091686562
     0.156861434633059     0.348402157905727     0.668837717402087
1 22
    -0.252862508751780     0.153199492536906     0.059808592067981
     0.153199492536906    -0.075962972239986    -0.034530506730302
    -0.084959000327386     0.049051101709098     0.127358548474985
1 23
    -0.130426897491532    -0.000000000000000     0.000000000000000
    -0.000000000000000    -0.024771146200175    -0.010583011567163
     0.000000000000000     0.006302066276786     0.058411727202361
1 24
    -0.252862508751780    -0.153199492536906    -0.059808592067981
    -0.153199492536906    -0.075962972239986    -0.034530506730302
     0.084959000327386     0.049051101709098     0.127358548474985
1 25
     0.141095870188253    -1.827832806177260    -0.380155836796206
    -1.105975803254378    -1.552739320217945    -0.038355091686562
    -0.156861434633059     0.348402157905727     0.668837717402087
1 26
     0.035309808477837    -0.000000000000000    -0.000000000000000
    -0.000000000000000     0.035309808477837    -0.000000000000000
    -0.000000000000000    -0.000000000000000    -0.741920253083459
1 27
     0.048264402106136     0.000602391363611    -0.216822321693198
    -0.023302453751222     0.056435244918957     0.104465664233570
    -0.101635650368065    -0.028429754331363    -0.137629732528368
1 28
    -0.072483792227346    -0.004032101118793    -0.040853153499069
     0.012014449302595     0.026592619765303     0.022208595283696
    -0.019749098413104    -0.006645931060227    -0.039810229704491
1 29
    -0.072483792227346     0.004032101118793     0.040853153499069
    -0.012014449302595     0.026592619765303     0.022208595283696
     0.019749098413104    -0.006645931060227    -0.039810229704491
1 30
     0.048264402106136    -0.000602391363611     0.216822321693198
     0.023302453751222     0.056435244918957     0.104465664233569
     0.101635650368065    -0.028429754331363    -0.137629732528368
1 31
     0.044563118868171     0.021165516877435     0.017941241797113
    -0.002739328237397     0.060136528156922    -0.240006470810616
     0.075438714658344    -0.073804177983216    -0.137629732528368
1 32
     0.044563118868171    -0.021165516877435    -0.017941241797113
     0.002739328237397     0.060136528156922    -0.240006470810616
    -0.075438714658344    -0.073804177983216    -0.137629732528368
1 33
    -0.021779320770069    -0.035549399928576    -0.057783637125115
    -0.035549399928576     0.019269590466518    -0.033361398448941
    -0.028750230437062    -0.016598953282102    -0.044026011420604
1 34
    -0.053674677022246    -0.000000000000000     0.000000000000000
    -0.000000000000000    -0.000221400971050    -0.006047845303143
     0.000000000000000    -0.006128576886176    -0.024205177912871
1 35
    -0.021779320770069     0.035549399928576     0.057783637125115
     0.035549399928576     0.019269590466518    -0.033361398448941
     0.028750230437062    -0.016598953282102    -0.044026011420604
1 36
     0.005279974921653     0.032882482594079     0.001193369051487
     0.048929033015467    -0.051171147383696    -0.046484166396747
     0.015630094336508    -0.013780255397473    -0.039810229704491
1 37
     0.016710269758501    -0.000000000000000     0.000000000000000
    -0.000000000000000    -0.055184366431423    -0.075638115910383
     0.000000000000000    -0.031261327053894    -0.045316391103685
1 38
     0.005279974921653    -0.032882482594080    -0.001193369051487
    -0.048929033015467    -0.051171147383696    -0.046484166396747
    -0.015630094336508    -0.013780255397473    -0.039810229704491
1 39
    -0.013584719983849    -0.023145947487919    -0.005237587670680
    -0.023145947487919    -0.040311358009447     0.003023922651572
    -0.005307503272475     0.003064288443088    -0.024205177912871
1 40
    -0.013584719983849     0.023145947487919     0.005237587670680
     0.023145947487919    -0.040311358009447     0.003023922651572
     0.005307503272475     0.003064288443088    -0.024205177912871
1 41
    -0.001632941387372     0.052920207107368    -0.039659784447583
     0.036873656685980    -0.044258231074672     0.024275571113051
    -0.004119004076596     0.020426186457700    -0.039810229704491
1 42
    -0.018264263629420     0.021320338386355    -0.011407851004120
     0.021320338386355    -0.042882869842572    -0.006586325848104
    -0.002969150104071    -0.001714239611850    -0.024527742754861
1 43
    -0.018264263629420    -0.021320338386355     0.011407851004120
    -0.021320338386355    -0.042882869842572    -0.006586325848104
     0.002969150104071    -0.001714239611850    -0.024527742754861
1 44
    -0.001632941387372    -0.052920207107368     0.039659784447583
    -0.036873656685980    -0.044258231074672     0.024275571113051
     0.004119004076596     0.020426186457700    -0.039810229704491
1 45
     0.039794046084811    -0.000000000000000     0.000000000000000
    -0.000000000000000    -0.042303776388362     0.066722796897882
     0.000000000000000     0.033197906564204    -0.044026011420604
1 46
     0.064221949563333    -0.014089359431203    -0.198881079896086
     0.009815485683630     0.040477697461760     0.135540806577047
    -0.026196935709721     0.102233932314579    -0.137629732528368
1 47
    -0.037210707383942     0.031131290668157    -0.065504529872784
     0.031131290668157    -0.001263389288980     0.037819057955192
    -0.027073103384686     0.015630663526947    -0.045316391103685
1 48
    -0.055192172949148    -0.000000000000000     0.000000000000000
    -0.000000000000000    -0.005954960522844     0.013172651696208
     0.000000000000000     0.003428479223699    -0.024527742754861
1 49
    -0.037210707383942    -0.031131290668157     0.065504529872784
    -0.031131290668157    -0.001263389288980     0.037819057955192
     0.027073103384686     0.015630663526947    -0.045316391103685
1 50
     0.064221949563333     0.014089359431203     0.198881079896086
    -0.009815485683630     0.040477697461760     0.135540806577047
     0.026196935709721     0.102233932314579    -0.137629732528368
1 51
     0.035309808477837    -0.000000000000000    -0.000000000000000
    -0.000000000000000     0.035309808477837    -0.000000000000000
    -0.000000000000000    -0.000000000000000    -0.741920253083459
1 52
     0.048264402106136     0.023302453751222     0.101635650368065
    -0.000602391363611     0.056435244918957    -0.028429754331363
     0.216822321693198     0.104465664233569    -0.137629732528368
1 53
    -0.072483792227346    -0.012014449302595     0.019749098413104
     0.004032101118793     0.026592619765303    -0.006645931060227
     0.040853153499069     0.022208595283696    -0.039810229704491
1 54
    -0.072483792227346     0.012014449302595    -0.019749098413104
    -0.004032101118793     0.026592619765303    -0.006645931060227
    -0.040853153499069     0.022208595283696    -0.039810229704491
1 55
     0.048264402106136    -0.023302453751222    -0.101635650368065
     0.000602391363611     0.056435244918957    -0.028429754331363
    -0.216822321693198     0.104465664233570    -0.137629732528368
1 56
     0.064221949563333     0.009815485683630    -0.026196935709721
    -0.014089359431203     0.040477697461760     0.102233932314579
    -0.198881079896086     0.135540806577047    -0.137629732528368
1 57
     0.064221949563333    -0.009815485683630     0.026196935709721
     0.014089359431203     0.040477697461760     0.102233932314579
     0.198881079896086     0.135540806577047    -0.137629732528368
1 58
    -0.037210707383942    -0.031131290668157     0.027073103384686
    -0.031131290668157    -0.001263389288980     0.015630663526947
     0.065504529872784     0.037819057955192    -0.045316391103685
1 59
    -0.055192172949148    -0.000000000000000     0.000000000000000
    -0.000000000000000    -0.005954960522844     0.003428479223699
     0.000000000000000     0.013172651696208    -0.024527742754861
1 60
    -0.037210707383942     0.031131290668157    -0.027073103384686
     0.031131290668157    -0.001263389288980     0.015630663526947
    -0.065504529872784     0.037819057955192    -0.045316391103685
1 61
    -0.001632941387372     0.036873656685980    -0.004119004076596
     0.052920207107368    -0.044258231074672     0.020426186457700
    -0.039659784447583     0.024275571113051    -0.039810229704491
1 62
     0.039794046084811    -0.000000000000000     0.000000000000000
    -0.000000000000000    -0.042303776388362     0.033197906564204
     0.000000000000000     0.066722796897882    -0.044026011420604
1 63
    -0.001632941387372    -0.036873656685980     0.004119004076596
    -0.052920207107368    -0.044258231074672     0.020426186457700
     0.039659784447583     0.024275571113051    -0.039810229704491
1 64
    -0.018264263629420    -0.021320338386355     0.002969150104071
    -0.021320338386355    -0.042882869842572    -0.001714239611850
     0.011407851004120    -0.006586325848104    -0.024527742754861
1 65
    -0.018264263629420     0.021320338386355    -0.002969150104071
     0.021320338386355    -0.042882869842572    -0.001714239611850
    -0.011407851004120    -0.006586325848104    -0.024527742754861
1 66
     0.005279974921653     0.048929033015467     0.015630094336508
     0.032882482594079    -0.051171147383696    -0.013780255397473
     0.001193369051487    -0.046484166396747    -0.039810229704491
1 67
    -0.013584719983849     0.023145947487919     0.005307503272475
     0.023145947487919    -0.040311358009447     0.003064288443088
     0.005237587670680     0.003023922651572    -0.024205177912871
1 68
    -0.013584719983849    -0.023145947487919    -0.005307503272475
    -0.023145947487919    -0.040311358009447     0.003064288443088
    -0.005237587670680     0.003023922651572    -0.024205177912871
1 69
     0.005279974921653    -0.048929033015467    -0.015630094336508
    -0.032882482594080    -0.051171147383696    -0.013780255397473
    -0.001193369051487    -0.046484166396747    -0.039810229704491
1 70
     0.016710269758501    -0.000000000000000     0.000000000000000
    -0.000000000000000    -0.055184366431423    -0.031261327053894
     0.000000000000000    -0.075638115910383    -0.045316391103685
1 71
     0.044563118868171    -0.002739328237397     0.075438714658344
     0.021165516877435     0.060136528156922    -0.073804177983216
     0.017941241797113    -0.240006470810616    -0.137629732528368
1 72
    -0.021779320770069     0.035549399928576     0.028750230437062
     0.035549399928576     0.019269590466518    -0.016598953282102
     0.057783637125115    -0.033361398448941    -0.044026011420604
1 73
    -0.053674677022246    -0.000000000000000     0.000000000000000
    -0.000000000000000    -0.000221400971050    -0.006128576886176
     0.000000000000000    -0.006047845303143    -0.024205177912871
1 74
    -0.021779320770069    -0.035549399928576    -0.028750230437062
    -0.035549399928576     0.019269590466518    -0.016598953282102
    -0.057783637125115    -0.033361398448941    -0.044026011420604
1 75
     0.044563118868171     0.002739328237397    -0.075438714658344
    -0.021165516877435     0.060136528156922    -0.073804177983216
    -0.017941241797113    -0.240006470810616    -0.137629732528368
1 76
     0.123702937739487     0.094488594142305    -1.944809291197971
     0.094488594142305     0.232808968266305     1.122836167795635
    -1.389719460334071     0.802354904521937    -1.048116583675147
1 77
    -0.253393631719903     0.044703307141427    -0.161132984003944
     0.119308583047610     0.017288010150074     0.101539729438596
    -0.112381384773712     0.051705498366845    -0.000408952302712
1 78
    -0.137490266424381    -0.000000000000000    -0.000000000000000
     0.000000000000000     0.002075327698086     0.025164460633788
    -0.000000000000000     0.018447785007460     0.012749130538371
1 79
    -0.253393631719903    -0.044703307141427     0.161132984003944
    -0.119308583047610     0.017288010150074     0.101539729438596
     0.112381384773712     0.051705498366845    -0.000408952302712
1 80
     0.123702937739487    -0.094488594142305     1.944809291197970
    -0.094488594142305     0.232808968266305     1.122836167795634
     1.389719460334071     0.802354904521937    -1.048116583675147
1 81
     0.287361983529714    -0.000000000000000     0.000000000000001
    -0.000000000000000     0.069149922476078    -2.245672335591268
     0.000000000000000    -1.604709809043875    -1.048116583675147
1 82
    -0.009473671369200    -0.265362889360425    -0.300245532508880
    -0.265362889360425     0.296940999841156    -0.173346839016984
    -0.191703659651340    -0.110680159504337    -0.035381971482986
1 83
    -0.103206340153667    -0.033559524574316    -0.032700793104172
    -0.034980344182948     0.066349815064780    -0.017191053562685
    -0.029573838426055    -0.012275263828743     0.014553315949806
1 84
    -0.103206340153667     0.033559524574316     0.032700793104172
     0.034980344182948     0.066349815064780    -0.017191053562685
     0.029573838426055    -0.012275263828743     0.014553315949806
1 85
    -0.009473671369200     0.265362889360424     0.300245532508880
     0.265362889360425     0.296940999841156    -0.173346839016984
     0.191703659651340    -0.110680159504337    -0.035381971482986
1 86
     0.020636831395785     0.038902978598390    -0.007369493185251
     0.113508254504573    -0.256742452965614    -0.190315122254305
     0.011412417285834    -0.123177883309931    -0.000408952302712
1 87
     0.020636831395785    -0.038902978598390     0.007369493185251
    -0.113508254504573    -0.256742452965614    -0.190315122254305
    -0.011412417285834    -0.123177883309931    -0.000408952302712
1 88
    -0.005717857497753    -0.091265345887228    -0.031238285655190
    -0.089844526278596    -0.031138667591134    -0.019724190770769
    -0.025417609526875    -0.019474063450008     0.014553315949806
1 89
    -0.024141406149639     0.000000000000000     0.000000000000000
     0.000000000000000    -0.024141406149639    -0.000000000000000
    -0.000000000000000    -0.000000000000000     0.014075123497554
1 90
    -0.005717857497753     0.091265345887229     0.031238285655190
     0.089844526278596    -0.031138667591134    -0.019724190770769
     0.025417609526875    -0.019474063450008     0.014553315949806
1 91
    -0.032816070832531     0.060433675002162    -0.021793062181394
     0.060433675002162    -0.102598867893764    -0.012582230316894
    -0.015976250460014    -0.009223892503730     0.012749130538371
1 92
    -0.041486569129279     0.000000000000000     0.000000000000000
     0.000000000000000    -0.126549454308019    -0.026939015714000
     0.000000000000000    -0.029268387253093     0.015238931672327
1 93
    -0.032816070832531    -0.060433675002162     0.021793062181394
    -0.060433675002162    -0.102598867893764    -0.012582230316894
     0.015976250460014    -0.009223892503730     0.012749130538371
1 94
     0.053639410018089    -0.055574591899964     0.001462507448982
    -0.056995411508597    -0.090495935106976     0.036915244333454
     0.004156228899180     0.031749327278752     0.014553315949806
1 95
     0.053639410018089     0.055574591899964    -0.001462507448982
     0.056995411508597    -0.090495935106976     0.036915244333454
    -0.004156228899180     0.031749327278752     0.014553315949806
1 96
    -0.121401632030625     0.195514199599092    -0.168502477189195
     0.120908923692909    -0.114703989539204     0.088775392815709
    -0.100968967487879     0.071472384943086    -0.000408952302712
1 97
    -0.105283733013334     0.036833309741994    -0.023329871961272
     0.036833309741994    -0.062752290423964     0.013469507857000
    -0.025347166888979     0.014634193626547     0.015238931672327
1 98
    -0.105283733013334    -0.036833309741994     0.023329871961272
    -0.036833309741994    -0.062752290423964     0.013469507857000
     0.025347166888979     0.014634193626547     0.015238931672327
1 99
    -0.121401632030625    -0.195514199599092     0.168502477189195
    -0.120908923692909    -0.114703989539204     0.088775392815709
     0.100968967487879     0.071472384943086    -0.000408952302712
1 100
     0.450148335446333     0.000000000000000    -0.000000000000000
    -0.000000000000000    -0.162681006974378     0.346693678033969
    -0.000000000000000     0.221360319008675    -0.035381971482986
1 101
     0.032630358967447     0.005212652072870    -0.026472431607273
     0.005212652072870     0.038649411122373     0.015283865514563
     0.026472431607273    -0.015283865514563    -0.258892336079434
1 102
    -0.008540663823836    -0.009014369134726    -0.021992314204417
    -0.009014369134726     0.024544104420150     0.014454938904674
     0.021992314204417    -0.014454938904674    -0.086359488659806
1 103
    -0.049635453668677    -0.000000000000000    -0.000000000000000
     0.000000000000000     0.006711735398188     0.006352368165873
     0.000000000000000    -0.006352368165873    -0.046263511743798
1 104
    -0.008540663823837     0.009014369134726     0.021992314204417
     0.009014369134726     0.024544104420150     0.014454938904674
    -0.021992314204417    -0.014454938904674    -0.086359488659806
1 105
     0.032630358967447    -0.005212652072870     0.026472431607273
    -0.005212652072870     0.038649411122373     0.015283865514563
    -0.026472431607273    -0.015283865514563    -0.258892336079434
1 106
     0.041658937199836    -0.000000000000000     0.000000000000000
    -0.000000000000000     0.029620832889983    -0.030567731029126
     0.000000000000000     0.030567731029126    -0.258892336079434
1 107
     0.005555680217901    -0.010900671970264    -0.016187047174797
    -0.010900671970264     0.018142692010660    -0.009345596043754
     0.016187047174797     0.009345596043754    -0.107725529278943
1 108
    -0.026786556589252    -0.012259097803453    -0.007418003142091
    -0.012259097803453     0.016602690516972    -0.000417272732513
     0.007418003142091     0.000417272732513    -0.047127855579999
1 109
    -0.026786556589252     0.012259097803453     0.007418003142091
     0.012259097803453     0.016602690516972    -0.000417272732513
    -0.007418003142091     0.000417272732513    -0.047127855579999
1 110
     0.005555680217901     0.010900671970264     0.016187047174797
     0.010900671970264     0.018142692010660    -0.009345596043754
    -0.016187047174797     0.009345596043754    -0.107725529278943
1 111
     0.008466239689390     0.018833309456169    -0.001522187199391
     0.018833309456169     0.007537200906923    -0.026273372241372
     0.001522187199391     0.026273372241372    -0.086359488659806
1 112
     0.008466239689390    -0.018833309456169     0.001522187199391
    -0.018833309456169     0.007537200906923    -0.026273372241372
    -0.001522187199391     0.026273372241372    -0.086359488659806
1 113
    -0.004861311384853    -0.024917644024262    -0.004070370357708
    -0.024917644024262    -0.005322554687427    -0.006215542800147
     0.004070370357708     0.006215542800147    -0.047127855579999
1 114
    -0.006986551735276    -0.000000000000000     0.000000000000000
    -0.000000000000000    -0.006986551735276    -0.000000000000000
    -0.000000000000000     0.000000000000000    -0.034553962813619
1 115
    -0.004861311384853     0.024917644024262     0.004070370357708
     0.024917644024262    -0.005322554687427    -0.006215542800147
    -0.004070370357708     0.006215542800147    -0.047127855579999
1 116
    -0.007375061868528     0.024399048581875    -0.005501312205838
     0.024399048581875    -0.035548656401961    -0.003176184082937
     0.005501312205838     0.003176184082937    -0.046263511743798
1 117
    -0.017970279174518     0.000000000000000     0.000000000000000
     0.000000000000000    -0.042514852642127    -0.008581855764102
    -0.000000000000000     0.008581855764102    -0.043568212381525
1 118
    -0.007375061868528    -0.024399048581875     0.005501312205838
    -0.024399048581875    -0.035548656401961    -0.003176184082937
    -0.005501312205838     0.003176184082937    -0.046263511743798
1 119
     0.016372068865684    -0.012658546220808     0.003347632784383
    -0.012658546220808    -0.026555934937965     0.006632815532660
    -0.003347632784383    -0.006632815532660    -0.047127855579999
1 120
     0.016372068865684     0.012658546220808    -0.003347632784383
     0.012658546220808    -0.026555934937965     0.006632815532660
     0.003347632784383    -0.006632815532660    -0.047127855579999
1 121
     0.024079585028916     0.009818940321444    -0.023514501403809
     0.009818940321444    -0.008076144432603     0.011818433336698
     0.023514501403809    -0.011818433336698    -0.086359488659806
1 122
    -0.036378709275225     0.010628112074002    -0.007432105103326
     0.010628112074002    -0.024106422541420     0.004290927882051
     0.007432105103326    -0.004290927882051    -0.043568212381525
1 123
    -0.036378709275225    -0.010628112074002     0.007432105103326
    -0.010628112074002    -0.024106422541420     0.004290927882051
    -0.007432105103326    -0.004290927882051    -0.043568212381525
1 124
     0.024079585028916    -0.009818940321444     0.023514501403809
    -0.009818940321444    -0.008076144432603     0.011818433336698
    -0.023514501403809    -0.011818433336698    -0.086359488659806
1 125
     0.024436197907040    -0.000000000000000    -0.000000000000000
    -0.000000000000000    -0.000737825678479     0.018691192087509
    -0.000000000000000    -0.018691192087509    -0.107725529278943
1 126
     0.123702937739487     0.094488594142305     1.389719460334071
     0.094488594142305     0.232808968266305    -0.802354904521938
     1.944809291197971    -1.122836167795634    -1.048116583675147
1 127
    -0.253393631719903     0.119308583047610     0.112381384773712
     0.044703307141427     0.017288010150074    -0.051705498366845
     0.161132984003944    -0.101539729438596    -0.000408952302712
1 128
    -0.137490266424381     0.000000000000000     0.000000000000000
     0.000000000000000     0.002075327698086    -0.018447785007460
     0.000000000000000    -0.025164460633788     0.012749130538371
1 129
    -0.253393631719903    -0.119308583047610    -0.112381384773712
    -0.044703307141427     0.017288010150074    -0.051705498366845
    -0.161132984003944    -0.101539729438596    -0.000408952302712
1 130
     0.123702937739487    -0.094488594142305    -1.389719460334070
    -0.094488594142305     0.232808968266305    -0.802354904521937
    -1.944809291197971    -1.122836167795634    -1.048116583675147
1 131
     0.287361983529714     0.000000000000000    -0.000000000000000
    -0.000000000000000     0.069149922476078     1.604709809043875
    -0.000000000000000     2.245672335591268    -1.048116583675147
1 132
    -0.009473671369200    -0.265362889360425     0.191703659651340
    -0.265362889360425     0.296940999841156     0.110680159504337
     0.300245532508880     0.173346839016984    -0.035381971482986
1 133
    -0.103206340153667    -0.034980344182948     0.029573838426055
    -0.033559524574316     0.066349815064780     0.012275263828743
     0.032700793104172     0.017191053562685     0.014553315949806
1 134
    -0.103206340153667     0.034980344182948    -0.029573838426055
     0.033559524574316     0.066349815064780     0.012275263828743
    -0.032700793104172     0.017191053562685     0.014553315949806
1 135
    -0.009473671369200     0.265362889360424    -0.191703659651340
     0.265362889360425     0.296940999841156     0.110680159504337
    -0.300245532508880     0.173346839016984    -0.035381971482986
1 136
     0.020636831395785     0.113508254504573    -0.011412417285834
     0.038902978598390    -0.256742452965614     0.123177883309931
     0.007369493185251     0.190315122254305    -0.000408952302712
1 137
     0.020636831395785    -0.113508254504573     0.011412417285834
    -0.038902978598390    -0.256742452965614     0.123177883309931
    -0.007369493185251     0.190315122254305    -0.000408952302712
1 138
    -0.005717857497753    -0.089844526278596     0.025417609526875
    -0.091265345887229    -0.031138667591134     0.019474063450008
     0.031238285655190     0.019724190770769     0.014553315949806
1 139
    -0.024141406149639     0.000000000000000     0.000000000000000
     0.000000000000000    -0.024141406149639    -0.000000000000000
    -0.000000000000000    -0.000000000000000     0.014075123497554
1 140
    -0.005717857497753     0.089844526278596    -0.025417609526875
     0.091265345887229    -0.031138667591134     0.019474063450008
    -0.031238285655190     0.019724190770769     0.014553315949806
1 141
    -0.032816070832531     0.060433675002162     0.015976250460014
     0.060433675002162    -0.102598867893764     0.009223892503730
     0.021793062181394     0.012582230316894     0.012749130538371
1 142
    -0.041486569129279     0.000000000000000    -0.000000000000000
     0.000000000000000    -0.126549454308019     0.029268387253093
     0.000000000000000     0.026939015714000     0.015238931672327
1 143
    -0.032816070832531    -0.060433675002162    -0.015976250460014
    -0.060433675002162    -0.102598867893764     0.009223892503730
    -0.021793062181394     0.012582230316894     0.012749130538371
1 144
     0.053639410018089    -0.056995411508597    -0.004156228899180
    -0.055574591899964    -0.090495935106976    -0.031749327278752
    -0.001462507448982    -0.036915244333454     0.014553315949806
1 145
     0.053639410018089     0.056995411508597     0.004156228899180
     0.055574591899964    -0.090495935106976    -0.031749327278752
     0.001462507448982    -0.036915244333454     0.014553315949806
1 146
    -0.121401632030625     0.120908923692909     0.100968967487879
     0.195514199599092    -0.114703989539204    -0.071472384943086
     0.168502477189195    -0.088775392815709    -0.000408952302712
1 147
    -0.105283733013334     0.036833309741994     0.025347166888979
     0.036833309741994    -0.062752290423964    -0.014634193626547
     0.023329871961272    -0.013469507857000     0.015238931672327
1 148
    -0.105283733013334    -0.036833309741994    -0.025347166888979
    -0.036833309741994    -0.062752290423964    -0.014634193626547
    -0.023329871961272    -0.013469507857000     0.015238931672327
1 149
    -0.121401632030625    -0.120908923692909    -0.100968967487879
    -0.195514199599092    -0.114703989539204    -0.071472384943086
    -0.168502477189195    -0.088775392815709    -0.000408952302712
1 150
     0.450148335446333    -0.000000000000000     0.000000000000000
    -0.000000000000000    -0.162681006974378    -0.221360319008675
    -0.000000000000000    -0.346693678033969    -0.035381971482986
1 151
    -0.675036180265375    -0.000000000000000     0.000000000000000
    -0.000000000000000    -0.675036180265374    -0.000000000000000
     0.000000000000000     0.000000000000000     1.339293188324671
1 152
     0.190152288143154     0.145209787473705     0.496681635036918
    -0.120659782050236    -0.254126998207370    -0.308916562379598
     0.239317837041803    -0.014590867924903     0.057424175868662
1 153
     0.136255785747198     0.012454800757864     0.049063727684490
    -0.026217187041651    -0.045219168935637    -0.026156003491952
     0.045933930043044     0.002124155115185     0.010336927845478
1 154
     0.136255785747198    -0.012454800757864    -0.049063727684490
     0.026217187041651    -0.045219168935637    -0.026156003491952
    -0.045933930043044     0.002124155115185     0.010336927845478
1 155
     0.190152288143154    -0.145209787473705    -0.496681635036918
     0.120659782050236    -0.254126998207370    -0.308916562379598
    -0.239317837041803    -0.014590867924903     0.057424175868662
1 156
    -0.132426712439854    -0.065581290771284     0.019188773152033
    -0.331450860295225     0.068452002375638     0.584597194724961
    -0.107022856234672     0.214550760419398     0.057424175868662
1 157
    -0.132426712439854     0.065581290771284    -0.019188773152033
     0.331450860295225     0.068452002375638     0.584597194724961
     0.107022856234672     0.214550760419398     0.057424175868662
1 158
     0.070404422614341     0.092023687437755     0.091885591650870
     0.092023687437755    -0.035855378813679     0.053050171074278
     0.052234921917108     0.030157846229941     0.010473064405982
1 159
     0.076705809398991    -0.000000000000000     0.000000000000000
    -0.000000000000000    -0.008451292137399     0.007455109681517
    -0.000000000000000     0.008501379350525     0.001325265052695
1 160
     0.070404422614341    -0.092023687437755    -0.091885591650870
    -0.092023687437755    -0.035855378813679     0.053050171074278
    -0.052234921917108     0.030157846229941     0.010473064405982
1 161
    -0.005809718334155    -0.055804369982278    -0.001880100356740
    -0.094476357781794     0.096846335145716     0.055568436325106
    -0.024806537312851     0.038717872755341     0.010336927845478
1 162
    -0.014901729387047    -0.000000000000000     0.000000000000000
    -0.000000000000000     0.136184774360916     0.093824646087972
     0.000000000000000     0.062347882365094     0.009004738657514
1 163
    -0.005809718334155     0.055804369982278     0.001880100356741
     0.094476357781794     0.096846335145716     0.055568436325106
     0.024806537312851     0.038717872755341     0.010336927845478
1 164
     0.012837983246699     0.036874106621582     0.006456314372193
     0.036874106621582     0.055416534014894    -0.003727554840759
     0.007362410484763    -0.004250689675263     0.001325265052695
1 165
     0.012837983246699    -0.036874106621582    -0.006456314372193
    -0.036874106621582     0.055416534014894    -0.003727554840759
    -0.007362410484763    -0.004250689675263     0.001325265052695
1 166
     0.006108857804299    -0.101357550923687     0.047183627327750
    -0.062685563124172     0.084927759007263    -0.029412432833155
     0.021127392730193    -0.040842027870526     0.010336927845478
1 167
     0.038007873615217    -0.031641538068464     0.012030709425914
    -0.031641538068464     0.074544374658020     0.006945933325593
     0.007202828263956     0.004158554837121     0.000956378888748
1 168
     0.038007873615217     0.031641538068464    -0.012030709425914
     0.031641538068464     0.074544374658020     0.006945933325593
    -0.007202828263956     0.004158554837121     0.000956378888748
1 169
     0.006108857804299     0.101357550923687    -0.047183627327750
     0.062685563124172     0.084927759007263    -0.029412432833155
    -0.021127392730193    -0.040842027870526     0.010336927845478
1 170
    -0.088985279527690    -0.000000000000000     0.000000000000000
    -0.000000000000000     0.123534323328351    -0.106100342148556
     0.000000000000000    -0.060315692459882     0.010473064405982
1 171
    -0.153687640799624    -0.319175857583491     0.515870408188951
    -0.053306288059549     0.089712930735408    -0.275680632345363
     0.132294980807131    -0.199959892494495     0.057424175868662
1 172
     0.098413148423925    -0.065422375207354     0.081254527013268
    -0.065422375207354     0.022869896549944    -0.046912323043986
     0.053994850000336    -0.031173941182547     0.009004738657514
1 173
     0.092812625179421    -0.000000000000000     0.000000000000000
    -0.000000000000000     0.019739623093816    -0.013891866651187
    -0.000000000000000    -0.008317109674243     0.000956378888748
1 174
     0.098413148423925     0.065422375207354    -0.081254527013268
     0.065422375207354     0.022869896549944    -0.046912323043986
    -0.053994850000336    -0.031173941182547     0.009004738657514
1 175
    -0.153687640799624     0.319175857583491    -0.515870408188951
     0.053306288059549     0.089712930735408    -0.275680632345363
    -0.132294980807131    -0.199959892494495     0.057424175868662
1 176
    -0.052645792552797    -0.000000000000000     0.000000000000000
    -0.000000000000000    -0.052645792552797    -0.000000000000000
     0.000000000000000    -0.000000000000000     0.258969631326390
1 177
    -0.018402268721583    -0.005209519060160     0.000891118460868
     0.002802665023324    -0.039155068925889    -0.007320537381877
    -0.046972370258751    -0.019274499758955     0.170636614924134
1 178
     0.042872676701708     0.007486190916583    -0.003109885339684
    -0.000796108327495    -0.019565414588997    -0.002812795269675
    -0.013098116801614    -0.001930478545285     0.052684842899316
1 179
     0.042872676701708    -0.007486190916583     0.003109885339684
     0.000796108327495    -0.019565414588997    -0.002812795269675
     0.013098116801614    -0.001930478545285     0.052684842899316
1 180
    -0.018402268721583     0.005209519060160    -0.000891118460868
    -0.002802665023324    -0.039155068925889    -0.007320537381877
     0.046972370258751    -0.019274499758955     0.170636614924134
1 181
    -0.035009067244363    -0.012390604620829     0.005894212111626
    -0.004378420537345    -0.022548270403109     0.004431999915831
     0.040178391565868    -0.031042016040569     0.170636614924134
1 182
    -0.035009067244363     0.012390604620829    -0.005894212111626
     0.004378420537345    -0.022548270403109     0.004431999915831
    -0.040178391565868    -0.031042016040569     0.170636614924134
1 183
     0.018477741524549     0.018359244964897    -0.004597874848004
     0.018359244964897    -0.002721688520655    -0.002654584281195
    -0.019284566499494    -0.011133949659688     0.061744752056008
1 184
     0.035075123601540    -0.000000000000000     0.000000000000000
    -0.000000000000000    -0.000201664329985    -0.000942780472863
     0.000000000000000    -0.002998893780368     0.035775695500711
1 185
     0.018477741524549    -0.018359244964897     0.004597874848004
    -0.018359244964897    -0.002721688520655    -0.002654584281195
     0.019284566499494    -0.011133949659688     0.061744752056008
1 186
    -0.001059001028537    -0.024567857636015     0.003990894829025
    -0.032850156880092     0.024366263141249    -0.001286842072186
     0.008220901862485    -0.010378062619291     0.052684842899316
1 187
    -0.015008845399063    -0.000000000000000     0.000000000000000
    -0.000000000000000     0.024914559864825    -0.002335583390075
     0.000000000000000    -0.019177426927925     0.066449193639984
1 188
    -0.001059001028537     0.024567857636015    -0.003990894829025
     0.032850156880092     0.024366263141249    -0.001286842072186
    -0.008220901862485    -0.010378062619291     0.052684842899316
1 189
     0.008617532652896     0.015275297256308    -0.000816471839691
     0.015275297256308     0.026255926618658     0.000471390236431
    -0.002597118197050     0.001499446890184     0.035775695500711
1 190
     0.008617532652896    -0.015275297256309     0.000816471839691
    -0.015275297256309     0.026255926618658     0.000471390236431
     0.002597118197050     0.001499446890184     0.035775695500711
1 191
    -0.006852782504104    -0.029505115585548     0.000881009489341
    -0.021222816341470     0.030160044616816     0.004099637341861
    -0.004877214939129     0.012308541164576     0.052684842899316
1 192
     0.013570701676110    -0.014719898954154     0.000424768237506
    -0.014719898954154     0.030567776923359     0.000245240056267
    -0.002428004356604    -0.001401808968879     0.036750488618876
1 193
     0.013570701676110     0.014719898954154    -0.000424768237506
     0.014719898954154     0.030567776923359     0.000245240056267
     0.002428004356604    -0.001401808968879     0.036750488618876
1 194
    -0.006852782504104     0.029505115585548    -0.000881009489341
     0.021222816341470     0.030160044616816     0.004099637341861
